image: 2nd_floor.pgm
resolution: 0.050000
origin: [-0.300000, -9.900000, 0.000000]
negate: 0
occupied_thresh: 0.65
free_thresh: 0.196

