image: world_map_aft_b_2.pgm
resolution: 0.050000
origin: [-2.700000, -23.550864, 0.000000]
negate: 0
occupied_thresh: 0.65
free_thresh: 0.196

